2147483646 55 11 83 97 46 13 54 63 70 92 55 82 35 56 70 40 91 35 57 48 53 16 76 96 83 53 70 60 51 
74 2147483646 90 66 72 98 76 50 64 23 11 19 35 24 83 25 42 42 52 39 45 58 85 69 42 95 38 94 41 27 
19 66 2147483646 78 66 61 18 17 37 25 58 19 84 96 62 57 46 70 92 60 27 12 73 92 13 89 25 96 29 70 
80 97 82 2147483646 10 22 87 24 59 73 51 71 26 66 42 42 62 92 66 49 96 89 67 72 23 81 13 12 25 65 
45 94 68 96 2147483646 68 64 21 89 79 19 71 58 74 81 60 13 68 39 45 86 74 14 69 58 80 50 99 15 21 
48 12 87 16 53 2147483646 11 52 57 95 87 40 61 14 59 35 92 30 50 87 69 32 62 87 30 67 57 47 72 24 
77 82 90 11 34 84 2147483646 99 33 30 33 29 32 59 95 76 29 99 96 18 27 75 53 16 69 31 52 33 66 66 
23 93 31 54 20 84 19 2147483646 67 78 99 24 34 91 81 86 76 26 32 75 37 83 34 33 78 38 53 15 32 97 
15 57 76 33 53 37 92 77 2147483646 80 10 42 54 22 41 62 20 30 61 90 41 92 50 49 48 27 53 89 69 24 
95 47 14 84 88 13 64 88 33 2147483646 29 79 98 88 47 36 79 54 57 85 12 20 21 69 10 55 45 20 81 64 
52 69 37 59 76 90 88 66 28 91 2147483646 10 10 61 30 82 46 14 93 27 86 51 33 52 29 38 40 19 53 83 
31 81 18 10 52 18 12 86 46 66 56 2147483646 14 17 34 72 61 99 83 27 70 63 50 26 76 80 86 36 92 26 
20 48 82 10 93 92 82 65 19 13 74 27 2147483646 79 78 17 41 70 25 23 38 11 60 52 81 33 51 50 96 65 
80 52 42 60 61 38 27 76 90 28 62 58 27 2147483646 87 90 63 45 57 78 26 72 76 99 32 76 41 10 16 56 
100 75 50 22 79 25 90 76 96 69 32 58 10 100 2147483646 27 56 51 99 59 56 61 48 58 13 57 84 72 94 60 
66 39 34 22 29 47 99 68 55 58 41 50 70 69 51 2147483646 37 46 63 92 67 71 48 42 12 47 85 67 42 18 
15 30 81 65 98 18 75 83 94 98 38 14 60 24 37 62 2147483646 25 47 85 23 76 100 57 52 17 97 71 17 35 
88 64 89 53 69 79 83 63 69 94 48 29 59 71 19 85 36 2147483646 30 81 64 46 83 51 25 62 91 38 98 40 
41 14 57 37 58 100 87 16 10 53 42 87 12 61 43 28 79 30 2147483646 80 91 77 74 45 95 78 13 24 50 47 
13 84 61 84 78 61 54 61 16 75 14 54 35 89 12 97 11 66 36 2147483646 62 55 13 31 20 93 35 13 44 19 
36 11 31 86 78 62 32 64 40 10 43 80 43 92 90 12 25 51 42 79 2147483646 40 59 93 84 17 62 93 27 56 
63 87 17 13 35 55 79 52 26 77 90 76 14 93 44 37 26 91 91 90 35 2147483646 70 66 54 35 64 35 89 22 
47 71 100 11 100 42 80 78 56 70 52 75 20 52 20 60 89 19 13 11 93 68 2147483646 84 18 51 68 58 44 11 
49 51 19 42 60 43 89 62 92 18 41 57 10 24 58 14 10 48 74 17 61 55 63 2147483646 14 85 41 82 54 78 
94 75 69 97 62 47 16 66 78 97 73 27 19 99 66 94 71 44 17 60 12 45 71 95 2147483646 40 40 13 29 79 
44 12 66 65 57 98 63 69 54 22 92 18 66 60 83 13 79 22 22 50 58 29 39 13 45 2147483646 75 45 11 62 
43 89 90 27 30 88 34 77 91 61 83 90 71 95 80 18 17 99 12 97 66 28 49 97 51 39 2147483646 38 93 91 
59 10 73 47 86 93 71 29 100 19 20 93 61 73 85 65 13 70 10 49 73 28 15 22 76 70 89 2147483646 64 23 
10 83 42 90 49 25 90 60 54 94 94 44 45 28 32 46 76 17 28 37 92 97 93 50 95 50 70 43 2147483646 82 
37 83 71 76 23 59 70 68 66 24 81 91 22 44 88 88 99 30 28 16 40 62 90 78 32 100 44 100 65 2147483646 
